  12   8   7  12  17  29  37  44
   9   9  10  14  19  42  43  40
  10   9  12  17  29  41  50  40
  10  12  16  21  37  63  58  45
  13  16  27  40  49  78  74  55
  17  25  40  46  58  75  81  66
  35  46  56  63  74  87  86  73
  52  66  68  71  81  72  74  71
  12  13  17  34  71  71  71  71
  13  15  19  48  71  71  71  71
  17  19  40  71  71  71  71  71
  34  48  71  71  71  71  71  71
  71  71  71  71  71  71  71  71
  71  71  71  71  71  71  71  71
  71  71  71  71  71  71  71  71
  71  71  71  71  71  71  71  71
