  35  24  22  35  52  87 111 132
  26  26  30  41  56 126 130 119
  30  28  35  52  87 124 150 122
  30  37  48  63 111 189 174 135
  39  48  80 122 148 237 224 167
  52  76 119 139 176 226 245 200
 106 139 169 189 224 255 255 219
 156 200 206 213 243 217 224 215
  37  39  52 102 215 215 215 215
  39  46  56 143 215 215 215 215
  52  56 122 215 215 215 215 215
 102 143 215 215 215 215 215 215
 215 215 215 215 215 215 215 215
 215 215 215 215 215 215 215 215
 215 215 215 215 215 215 215 215
 215 215 215 215 215 215 215 215
