  57  39  36  57  86 143 182 218
  43  43  50  68  93 207 214 196
  50  46  57  86 143 203 246 200
  50  61  79 104 182 255 255 221
  64  79 132 200 243 255 255 255
  86 125 196 228 255 255 255 255
 175 228 255 255 255 255 255 255
 255 255 255 255 255 255 255 255
  61  64  86 168 255 255 255 255
  64  75  93 236 255 255 255 255
  86  93 200 255 255 255 255 255
 168 236 255 255 255 255 255 255
 255 255 255 255 255 255 255 255
 255 255 255 255 255 255 255 255
 255 255 255 255 255 255 255 255
 255 255 255 255 255 255 255 255
