  16  11  10  16  24  39  50  60
  12  12  14  19  25  57  59  54
  14  13  16  24  39  56  68  55
  14  17  22  28  50  85  78  61
  18  22  36  55  67 107 101  75
  24  34  54  63  79 102 111  90
  48  63  76  85 101 119 118  99
  71  90  93  96 110  98 101  97
  17  18  24  46  97  97  97  97
  18  21  25  65  97  97  97  97
  24  25  55  97  97  97  97  97
  46  65  97  97  97  97  97  97
  97  97  97  97  97  97  97  97
  97  97  97  97  97  97  97  97
  97  97  97  97  97  97  97  97
  97  97  97  97  97  97  97  97
