  11   7   7  11  16  26  34  40
   8   8   9  13  17  38  40  36
   9   9  11  16  26  38  46  37
   9  11  15  19  34  57  53  41
  12  15  24  37  45  72  68  51
  16  23  36  42  53  69  75  61
  32  42  51  57  68  80  79  67
  48  61  63  65  74  66  68  65
  11  12  16  31  65  65  65  65
  12  14  17  44  65  65  65  65
  16  17  37  65  65  65  65  65
  31  44  65  65  65  65  65  65
  65  65  65  65  65  65  65  65
  65  65  65  65  65  65  65  65
  65  65  65  65  65  65  65  65
  65  65  65  65  65  65  65  65
