  23  16  14  23  34  57  72  87
  17  17  20  27  37  82  85  78
  20  18  23  34  57  81  98  80
  20  24  31  41  72 124 114  88
  26  31  53  80  97 155 146 109
  34  50  78  91 115 148 160 131
  70  91 111 124 146 172 170 143
 102 131 135 139 159 142 146 141
  24  26  34  67 141 141 141 141
  26  30  37  94 141 141 141 141
  34  37  80 141 141 141 141 141
  67  94 141 141 141 141 141 141
 141 141 141 141 141 141 141 141
 141 141 141 141 141 141 141 141
 141 141 141 141 141 141 141 141
 141 141 141 141 141 141 141 141
