  42  29  26  42  63 105 134 160
  32  32  37  50  68 153 158 145
  37  34  42  63 105 150 181 147
  37  45  58  76 134 229 210 163
  47  58  97 147 179 255 255 203
  63  92 145 168 213 255 255 242
 129 168 205 229 255 255 255 255
 189 242 250 255 255 255 255 255
  45  47  63 124 255 255 255 255
  47  55  68 174 255 255 255 255
  63  68 147 255 255 255 255 255
 124 174 255 255 255 255 255 255
 255 255 255 255 255 255 255 255
 255 255 255 255 255 255 255 255
 255 255 255 255 255 255 255 255
 255 255 255 255 255 255 255 255
