  17  12  11  17  26  43  55  66
  13  13  15  21  28  63  65  59
  15  14  17  26  43  62  75  60
  15  18  24  31  55  94  86  67
  19  24  40  60  73 118 111  83
  26  38  59  69  87 112 122  99
  53  69  84  94 111 131 130 109
  78  99 103 106 121 108 111 107
  18  19  26  51 107 107 107 107
  19  23  28  71 107 107 107 107
  26  28  60 107 107 107 107 107
  51  71 107 107 107 107 107 107
 107 107 107 107 107 107 107 107
 107 107 107 107 107 107 107 107
 107 107 107 107 107 107 107 107
 107 107 107 107 107 107 107 107
