  30  20  19  30  44  74  94 113
  22  22  26  35  48 107 111 102
  26  24  30  44  74 105 128 104
  26  31  41  54  94 161 148 115
  33  41  68 104 126 202 191 142
  44  65 102 118 150 192 209 170
  91 118 144 161 191 224 222 187
 133 170 176 181 207 185 191 183
  31  33  44  87 183 183 183 183
  33  39  48 122 183 183 183 183
  44  48 104 183 183 183 183 183
  87 122 183 183 183 183 183 183
 183 183 183 183 183 183 183 183
 183 183 183 183 183 183 183 183
 183 183 183 183 183 183 183 183
 183 183 183 183 183 183 183 183
