  47  32  29  47  71 118 150 179
  35  35  41  56  76 171 176 162
  41  38  47  71 118 168 203 165
  41  50  65  85 150 255 235 182
  53  65 109 165 200 255 255 226
  71 103 162 188 238 255 255 255
 144 188 229 255 255 255 255 255
 212 255 255 255 255 255 255 255
  50  53  71 138 255 255 255 255
  53  62  76 194 255 255 255 255
  71  76 165 255 255 255 255 255
 138 194 255 255 255 255 255 255
 255 255 255 255 255 255 255 255
 255 255 255 255 255 255 255 255
 255 255 255 255 255 255 255 255
 255 255 255 255 255 255 255 255
