  24  16  15  24  35  59  75  90
  18  18  21  28  38  85  88  81
  21  19  24  35  59  84 101  82
  21  25  32  43  75 128 118  91
  26  32  54  82 100 160 151 113
  35  51  81  94 119 153 166 135
  72  94 115 128 151 178 176 148
 106 135 140 144 165 147 151 146
  25  26  35  69 146 146 146 146
  26  31  38  97 146 146 146 146
  35  38  82 146 146 146 146 146
  69  97 146 146 146 146 146 146
 146 146 146 146 146 146 146 146
 146 146 146 146 146 146 146 146
 146 146 146 146 146 146 146 146
 146 146 146 146 146 146 146 146
