  15  11  10  15  23  38  49  59
  12  12  13  18  25  56  58  53
  13  12  15  23  38  55  66  54
  13  16  21  28  49  84  77  60
  17  21  36  54  65 105  99  74
  23  34  53  61  78 100 108  88
  47  61  75  84  99 116 115  97
  69  88  91  94 108  96  99  95
  16  17  23  45  95  95  95  95
  17  20  25  63  95  95  95  95
  23  25  54  95  95  95  95  95
  45  63  95  95  95  95  95  95
  95  95  95  95  95  95  95  95
  95  95  95  95  95  95  95  95
  95  95  95  95  95  95  95  95
  95  95  95  95  95  95  95  95
