  26  18  16  26  39  64  82  98
  19  19  23  31  42  93  97  89
  23  21  26  39  64  92 111  90
  23  27  35  47  82 140 129 100
  29  35  60  90 109 175 166 124
  39  56  89 103 130 167 182 148
  79 103 126 140 166 195 193 163
 116 148 153 158 180 161 166 159
  27  29  39  76 159 159 159 159
  29  34  42 106 159 159 159 159
  39  42  90 159 159 159 159 159
  76 106 159 159 159 159 159 159
 159 159 159 159 159 159 159 159
 159 159 159 159 159 159 159 159
 159 159 159 159 159 159 159 159
 159 159 159 159 159 159 159 159
