  14  10   9  14  22  36  46  55
  11  11  13  17  23  52  54  50
  13  12  14  22  36  51  62  50
  13  15  20  26  46  78  72  56
  16  20  33  50  61  98  93  69
  22  32  50  58  73  94 102  83
  44  58  70  78  93 109 108  91
  65  83  86  88 101  90  93  89
  15  16  22  42  89  89  89  89
  16  19  23  59  89  89  89  89
  22  23  50  89  89  89  89  89
  42  59  89  89  89  89  89  89
  89  89  89  89  89  89  89  89
  89  89  89  89  89  89  89  89
  89  89  89  89  89  89  89  89
  89  89  89  89  89  89  89  89
