  38  26  24  38  57  95 121 145
  29  29  33  45  62 138 143 131
  33  31  38  57  95 136 164 133
  33  40  52  69 121 207 190 148
  43  52  88 133 162 255 245 183
  57  83 131 152 193 248 255 219
 117 152 186 207 245 255 255 240
 171 219 226 233 255 238 245 236
  40  43  57 112 236 236 236 236
  43  50  62 157 236 236 236 236
  57  62 133 236 236 236 236 236
 112 157 236 236 236 236 236 236
 236 236 236 236 236 236 236 236
 236 236 236 236 236 236 236 236
 236 236 236 236 236 236 236 236
 236 236 236 236 236 236 236 236
