  25  17  16  25  37  62  80  95
  19  19  22  30  41  90  94  86
  22  20  25  37  62  89 108  87
  22  27  34  45  80 136 125  97
  28  34  58  87 106 170 161 120
  37  55  86 100 126 162 176 144
  76 100 122 136 161 189 187 158
 112 144 148 153 175 156 161 154
  27  28  37  73 154 154 154 154
  28  33  41 103 154 154 154 154
  37  41  87 154 154 154 154 154
  73 103 154 154 154 154 154 154
 154 154 154 154 154 154 154 154
 154 154 154 154 154 154 154 154
 154 154 154 154 154 154 154 154
 154 154 154 154 154 154 154 154
