  28  20  18  28  43  71  91 109
  21  21  25  34  46 103 107  98
  25  23  28  43  71 101 123 100
  25  30  39  52  91 155 142 110
  32  39  66 100 121 194 183 137
  43  62  98 114 144 185 201 164
  87 114 139 155 183 215 214 180
 128 164 169 174 199 178 183 176
  30  32  43  84 176 176 176 176
  32  37  46 117 176 176 176 176
  43  46 100 176 176 176 176 176
  84 117 176 176 176 176 176 176
 176 176 176 176 176 176 176 176
 176 176 176 176 176 176 176 176
 176 176 176 176 176 176 176 176
 176 176 176 176 176 176 176 176
