  11   8   7  11  17  28  36  43
   8   8  10  13  18  41  42  39
  10   9  11  17  28  40  48  39
  10  12  15  20  36  61  56  43
  13  15  26  39  48  76  72  54
  17  25  39  45  57  73  79  64
  34  45  55  61  72  85  84  71
  50  64  67  69  78  70  72  69
  12  13  17  33  69  69  69  69
  13  15  18  46  69  69  69  69
  17  18  39  69  69  69  69  69
  33  46  69  69  69  69  69  69
  69  69  69  69  69  69  69  69
  69  69  69  69  69  69  69  69
  69  69  69  69  69  69  69  69
  69  69  69  69  69  69  69  69
