  22  15  14  22  32  54  69  82
  16  16  19  26  35  78  81  74
  19  18  22  32  54  77  93  76
  19  23  30  39  69 117 108  84
  24  30  50  76  92 147 139 104
  32  47  74  86 109 140 153 124
  66  86 105 117 139 163 162 136
  97 124 128 132 151 135 139 134
  23  24  32  63 134 134 134 134
  24  28  35  89 134 134 134 134
  32  35  76 134 134 134 134 134
  63  89 134 134 134 134 134 134
 134 134 134 134 134 134 134 134
 134 134 134 134 134 134 134 134
 134 134 134 134 134 134 134 134
 134 134 134 134 134 134 134 134
