  28  19  17  28  41  69  88 105
  21  21  24  33  45 100 103  95
  24  22  28  41  69  98 119  96
  24  29  38  50  88 150 138 107
  31  38  64  96 117 187 177 132
  41  60  95 110 139 179 194 158
  84 110 134 150 177 208 206 174
 124 158 163 169 193 172 177 170
  29  31  41  81 170 170 170 170
  31  36  45 114 170 170 170 170
  41  45  96 170 170 170 170 170
  81 114 170 170 170 170 170 170
 170 170 170 170 170 170 170 170
 170 170 170 170 170 170 170 170
 170 170 170 170 170 170 170 170
 170 170 170 170 170 170 170 170
